0.308088198713
0.506616961735
0.644478646579
0.572654831441
0.520608511354
0.523910710596
0.511232993386
0.610432887629
0.505901409683
0.501798378503
0.364575549299
0.404686200277
0.4031980597
0.512085412834
0.337657767772
0.213562075433
0.351290900368
0.492620490444
0.45794223619
0.632954087901
0.490453927725
0.557051024396
0.594374958031
0.720073237425
0.872753589089
0.695725718131
0.753807469481
0.56248036433
0.711357955423
0.794818219363
0.993877761073
1.05895141976
1.24471762672
1.07416860197
1.24835729164
1.15516110453
1.10065545262
1.21719355282
1.36709992235
1.26972877504
1.40175739663
1.4440348715
1.51223497879
1.60294846956
1.40761923709
1.21954767353
1.24204033219
1.40112871856
1.27680768287
1.2488910452
1.26693608288
1.22187668423
1.39996719627
1.2766612844
1.17520987674
1.17818122601
1.13428985602
1.31244804418
1.38423862537
1.43243267821
1.38287977428
1.36101335202
1.32329638284
1.33139194165
1.51891248851
1.6805072554
1.59739105555
1.56912708805
1.48622543025
1.64922729534
1.60944757581
1.59980053974
1.5233382722
1.67153229783
1.67583564838
1.72383067137
1.86389659646
1.82931057685
1.95957813893
1.99200473455
1.95719200604
1.97059409736
2.10989470162
2.22890755981
2.16434385181
2.27775382668
2.12303852465
2.0391119062
2.01976336853
2.19920331632
2.19500570313
2.25352794619
2.42999102346
2.60058978135
2.66781351138
2.83223829751
2.9583647578
2.885892334
2.74995936028
2.66468035747
